-1.007857468042209437e+00
9.147900671690588625e-01
-9.983862979180161412e-01
1.233968500354377884e+00
-1.134771147706401528e+00
8.608043974611562232e-01
1.006660417373735461e+00
9.754055559638968864e-01
-9.841795427317259204e-01
9.772997899887355677e-01
1.191348234795507111e+00
9.630930348024454579e-01
-9.756554896199518545e-01
-9.917564788310806456e-01
-9.623958514460809743e-01
8.750111526474465551e-01
8.863765567964784209e-01
-9.879680107814033940e-01
-1.078891243973660208e+00
-9.927035958434999863e-01
1.214079043093571508e+00
1.124102926913734368e+00
-9.548189153467262491e-01
1.189454000770668873e+00
-8.951505435643075659e-01
1.134521214050346893e+00
-9.964920638931774599e-01
-1.028694042315435153e+00
-1.097833584222047021e+00
1.050227799945025353e+00
-9.841795427317259204e-01
-1.044795031526563944e+00
-9.311409900362426217e-01
8.380735891630920475e-01
1.141151033137282500e+00
-9.927035958434999863e-01
-1.112040339408337353e+00
-1.032482510365112516e+00
8.835352057592206210e-01
9.469920455913165558e-01
-9.879680107814033940e-01
-1.138559615756079113e+00
-1.118670158495272737e+00
-1.023011340240919109e+00
-9.046217136885009724e-01
-1.024905574265757568e+00
1.188506883758249533e+00
1.005713300361315898e+00
7.386263028590608348e-01
5.946645169713206114e-01
7.755638663434153424e-01
-9.557660323591454787e-01
-1.004068999992532296e+00
-9.642900854709197667e-01
-9.955449468807580082e-01
-1.019222872191241525e+00
9.299439393677683130e-01
-1.021117106216080428e+00
-1.073208541899144164e+00
1.050227799945025353e+00
1.218814628155668656e+00
1.214079043093571508e+00
-9.690256705330163589e-01
9.394151094919619416e-01
9.308910563801878757e-01
7.566215260950285293e-01
1.324891733546635031e+00
-1.118670158495272737e+00
6.287607294184169859e-01
-1.076997009948821749e+00
7.821936854303508380e-01
8.873236738088978726e-01
-9.680785535205970183e-01
-9.481890962597907535e-01
-9.500833302846295458e-01
-8.781024373407594341e-01
1.121261575876476124e+00
9.299439393677683130e-01
1.142098150149701619e+00
8.333380041009952333e-01
7.982946746414794070e-01
1.048333565920186450e+00
-1.072261424886724823e+00
-1.084573946048176474e+00
1.100425001603250630e+00
-9.377708091231780063e-01
8.778525036847043550e-01
8.617515144735756749e-01
1.027496991646960955e+00
8.352322381258339146e-01
1.151569320273895247e+00
7.964004406166408367e-01
1.180929947658894363e+00
9.479391626037360075e-01
9.801411410259937007e-01
6.268664953935783046e-01
1.000030598286800076e+00
1.100425001603250630e+00
9.280497053429297427e-01
-9.822853087068872391e-01
1.083376895379701832e+00
1.293636872136796789e+00
9.185785352187364472e-01
-1.031535393352693175e+00
9.934007791998645809e-01
7.509388240205122633e-01
-9.434535111976941613e-01
-9.254582879617266888e-01
-1.008804585054628777e+00
-1.006910351029790096e+00
-1.049530616588660648e+00
1.067275906168573485e+00
9.043717800324461153e-01
1.036968161771154362e+00
9.195256522311555658e-01
-1.047636382563821966e+00
-9.169342348499525119e-01
-1.094992233184789221e+00
1.100425001603250630e+00
-9.728141385826938325e-01
-1.006910351029790096e+00
9.640401518148646876e-01
9.545689816906713920e-01
7.765109833558347940e-01
-9.766026066323711952e-01
-1.114881690445595375e+00
-9.747083726075325139e-01
1.070117257205831729e+00
-1.162237541066562629e+00
-9.595545004088229524e-01
-1.034376744389950975e+00
-9.633429684585003150e-01
-8.582129800799531694e-01
1.115578873801959858e+00
-1.034376744389950975e+00
-9.983862979180161412e-01
-1.037218095427209219e+00
-9.709199045578550402e-01
9.053188970448655670e-01
-9.387179261355973470e-01
-1.010698819079467459e+00
-1.025852691278176909e+00
8.967948439330915011e-01
1.054016267994702716e+00
