-4.491918012378549596e-01 -1.514105303249499546e+00 -6.024505413178361524e-01 -5.576326663346190537e-01 -1.183088116705518500e+00
-8.834824165426780063e-01 -1.828098772379143089e+00 -9.983980406374352023e-01 -1.666266073624433908e-01 -7.770195567892357325e-01
-1.294110686030228274e+00 -1.229618312601897356e+00 -1.069817142246309416e+00 -1.455664125957212951e+00 -7.753736506401831541e-01
2.993463091280659238e-01 4.589316729835785647e-01 8.544991315031992274e-01 2.318357075016500290e-01 5.655696019380214157e-01
-1.314310249532778085e+00 -7.998258335804704355e-01 -8.048998880117917976e-01 -1.111185103750605085e+00 -1.294304346491506497e+00
-8.756911563345515237e-01 -5.629389167105001146e-01 -4.761815696733464054e-01 -8.010048586468196952e-01 -1.204014637743473948e+00
-2.971179445829434385e-01 -4.535422559233105999e-01 -9.801147506255633024e-01 -1.512928171207142514e+00 -1.479586352984865405e+00
-8.598200707254052277e-01 -9.362237058087731212e-01 -1.380442621510506562e+00 3.869258300535426964e-01 -7.687900260439723965e-01
-7.602650791771234928e-01 -8.215381479351797633e-01 -9.283120955919265116e-01 -1.758089864933403357e+00 -7.544471296022277063e-01
-8.710741132482544558e-01 -1.298930700734238775e+00 -1.346923256488741671e+00 -1.117448358699816069e+00 -6.302987800736825630e-01
-8.107639879334982425e-01 -1.332612624284493119e+00 -1.191705742325454898e+00 -1.083447831832670349e+00 -1.136297356182449203e+00
-9.484095849437312875e-01 -1.449525086194466628e+00 -8.186123555206956670e-01 -1.025885536347064031e+00 -3.288628253471775342e-01
-8.174009873700505135e-01 -6.812431936432115087e-01 -1.127714227283903581e+00 -7.699868341364412005e-01 -7.591497185995207397e-01
-9.694748440249617571e-01 -7.739380741575476730e-01 -1.164280807307647159e+00 -3.109797214299742096e-01 -1.287720721895295739e+00
-3.911901974662473358e-01 -1.076518660100741487e+00 -4.990356821881862248e-01 -1.047657803551464539e+00 -5.576437800654999721e-01
1.221312100423022518e+00 7.367379515220395803e-01 9.152529806051481476e-01 8.894774771688103154e-01 1.300349132765110438e+00
-8.578001143751502466e-01 -7.689275400756916401e-01 -1.109430937272031681e+00 -3.294712360419306818e-01 -3.530811586832384164e-01
1.224486317544851932e+00 1.132013417979569336e+00 1.406997301549450796e+00 9.437590200619726533e-01 3.511315436614437790e-01
-8.586658099538310163e-01 -1.017227340132111912e+00 -1.159709984804679239e+00 -1.075693325705075809e+00 -7.671441198949195961e-01
1.145130889499120119e+00 6.699308304306261785e-01 3.490423430499929314e-01 1.280185285905309112e+00 5.719180970843674716e-01
-8.275007691213254191e-01 -1.290023084588717062e+00 -4.106664471308057451e-01 -7.344950560909119242e-01 -1.392588456534938013e+00
-7.368912985527443782e-01 -6.091471754653945414e-01 -5.308409887713382291e-01 -9.560949811987123903e-01 -4.111581327998115598e-01
1.721395579707579726e+00 1.126724520893165549e+00 1.108751133230791552e+00 1.284957289676136538e+00 1.530775993632485621e+00
1.421576344291160421e+00 4.937270485520230401e-01 6.762370538874490355e-01 9.932685591843075645e-01 5.575752006426227814e-01
2.188366203107598718e-01 7.985345385315970601e-01 9.640084206368063624e-01 2.055635898664772476e+00 1.661507967757241300e+00
4.436289055748509624e-01 1.160406444443419893e+00 5.880582697676921544e-01 1.092548606385194826e-01 9.796325631497025954e-01
1.174275973981370624e+00 1.053515050697158451e+00 1.435945844068247768e+00 1.494328955121191793e+00 1.387347029215037830e+00
-1.130782786852467581e+00 -1.082921009205335183e+00 -8.719386180553218013e-01 -1.154729638159405658e+00 -9.009327768679159520e-01
-1.448493064228288274e+00 -1.613202532868429628e+00 -1.426150846540186201e+00 -1.347101040170888053e+00 -9.978061102121594805e-01
-1.188784390624075149e+00 -5.732383478787597131e-01 -4.883704296812609313e-01 -5.653871724622135941e-01 -1.339405114093673854e-01
-8.029727277253719819e-01 -9.735243484181455020e-01 -6.694892713613660451e-01 -9.733934948679620058e-01 -5.835080195506134881e-01
3.507109134631214431e-01 8.887241520050053190e-01 8.026964764695624366e-01 -1.186083194184920642e-01 1.439075508185265084e+00
-1.072492617887966349e+00 -5.217411920374618317e-01 -8.170887480197064345e-01 -1.371855809732055453e+00 -1.642295932291216065e+00
1.778531487900506303e+00 1.110022740620312254e+00 1.210642384859452303e+00 1.115849406047438208e+00 1.716293129575709120e+00
8.655112175852506251e-01 9.452318419281591222e-01 8.453574864972631664e-01 6.941235728005608063e-01 7.362735825397708211e-01
6.886207543414921695e-01 7.626257109449623428e-01 7.752715414517545867e-01 5.730339771158139417e-01 1.281068517876207791e+00
1.507568771773444061e+00 8.191334008681162571e-01 5.499680822429592331e-01 7.406506095661286038e-01 1.455064310776062353e+00
4.828737718083765396e-01 8.347217291227794211e-01 1.006669430664507425e+00 9.577767811387783992e-01 1.190778809128175020e+00
-5.556723574155824075e-01 -5.860430460879473280e-01 -6.496823738485049127e-01 -4.815788562370562631e-01 -7.257172499468890481e-02
-7.579565576339749589e-01 -5.512476705195027415e-01 -6.329226913376225783e-01 -8.120401173668583272e-01 -9.317347348001875362e-01
-1.287473686593676225e+00 -1.510208221185833866e+00 -1.133808657287860733e+00 -1.198274172568206231e+00 -2.757235696777625145e-01
5.945485014581882721e-01 1.045720886569826868e+00 1.207595169857473838e+00 1.088112134129503472e+00 9.652896667079577941e-01
-1.235820517065727042e+00 -8.332293941261771364e-01 -1.185611312321497524e+00 -1.672790297529862302e+00 -1.181442210556465700e+00
2.736640069605382752e-01 1.170427512607131959e+00 1.038665188185283084e+00 1.064550365511042873e+00 7.863561553609451638e-01
-1.128474265309318936e+00 -7.508339447801005706e-01 -6.496823738485049127e-01 -6.802135131977495863e-01 -1.697081094109683885e+00
7.131487957374456066e-01 2.554483166593149446e-01 1.076755375710015894e+00 1.053813357026681219e+00 8.524275307729169970e-01
7.523936619709711282e-01 1.000626079833122573e+00 1.557346413619732084e-01 9.094602429591502890e-01 1.424497482293655581e+00
7.434481409912704342e-01 1.175716409693535747e+00 1.458799956583087587e+00 8.474241939383932998e-01 9.474198285182432455e-01
-9.461010634005827535e-01 -8.805163095236932802e-02 -4.015248021248698507e-01 -1.122220362470643718e+00 -2.225843140083473837e-01
-8.006642061822233369e-01 -1.156130479401342503e+00 -9.831619656275419894e-01 -1.019920531633529803e+00 -6.457732369929018723e-02
8.888849982096297397e-01 1.198820539070982738e+00 1.315771302427715117e+00 1.247676010216546949e+00 4.350727572631304385e-01
1.033167594656414723e+00 2.323441872818678144e-01 8.057436914715410126e-01 1.125095163353416527e+00 5.397053624529080107e-01
8.430031325395521691e-01 1.825694025312079471e+00 8.636407765091350663e-01 1.531610234580781382e+00 7.040608479083112492e-01
9.751659908848072655e-01 1.051009783656230434e+00 1.176444538372402593e-01 1.292711795803731079e+00 5.848502168269242851e-01
4.234293420723010959e-01 1.900330105906392897e-01 8.773532440180390468e-01 9.995318141335186590e-01 9.765758803014620293e-01
7.177658388237426745e-01 6.312383727985158011e-01 1.472512424091991345e+00 1.283466038497752981e+00 5.493456698973593344e-01
-1.006411188715338856e+00 -9.195219255359197152e-01 -1.165804414808636391e+00 -8.338123845712586135e-01 -8.252210940114926840e-01
7.143030565090199291e-01 1.368621971844992125e+00 1.321865732431672491e+00 9.312325101635505753e-01 4.672854918945900105e-01
8.129923524786208944e-01 -2.269547702215998219e-01 1.041712403187261549e+00 -2.406299470897288809e-02 5.575752006426227814e-01
-1.304210467781503180e+00 -1.055919797764222068e+00 -1.253983198928393161e+00 -6.259319703045871375e-01 -1.460305738095962536e+00
-6.875466505679439511e-01 -1.005536093941114650e+00 -9.755439281225954939e-01 -1.086430334189437463e+00 -1.397291045532231379e+00
-1.331047030720605262e+00 -1.189534039947049315e+00 -1.144473909794786026e+00 -1.630737014299445509e+00 -7.770195567892357325e-01
1.161867670686947074e+00 7.097367400809266869e-01 4.935946047063544118e-01 5.095066769166731735e-01 3.125703138836381512e-01
1.296339050575350926e+00 6.788384465761480024e-01 9.442015231239453410e-01 1.241412755267335966e+00 1.073214084195840856e+00
1.582379298031102166e-01 4.614369400245065256e-01 6.383373173003397127e-01 1.103621146384692775e+00 1.110129407824593795e+00
-1.092692181390516382e+00 -1.162532828505936200e+00 -8.932691230691722772e-01 -1.002622017964280410e+00 -9.493694435400377163e-01
1.203421058463621129e+00 6.958185898535488301e-01 1.451181919078140758e+00 7.155975897692844478e-01 1.403570961255699912e+00
-8.018184669537976594e-01 -6.428290990156486640e-01 -4.487566346555387220e-01 -9.966570132507458490e-01 -1.561646530987634618e+00
7.053575355293191240e-01 1.049617968633492771e+00 4.814057446984398858e-01 8.939512307039609862e-01 5.832043106778715957e-01
9.494836887172795059e-01 9.800272174966037086e-01 1.105703918228812865e+00 8.847054733979828889e-01 6.250573527537826024e-01
-1.205521171811902104e+00 -1.189534039947049315e+00 -1.558514248188633378e+00 -1.481910146696763908e+00 -7.770195567892357325e-01
1.206595275585450544e+00 1.584910026378443026e+00 6.762370538874490355e-01 5.715427259374302738e-01 1.305286851212268617e+00
-8.901194159792300553e-01 -1.732620261819331153e+00 -1.226748714848209243e+00 -7.219685461924898462e-01 3.864450479129931393e-02
-9.616835838168354966e-01 -1.032537305382227544e+00 -1.061353978705658063e-01 -1.094184840317032226e+00 -1.018732631250115039e+00
-9.169559789183320264e-01 -1.187028772906121077e+00 -6.956881784682217296e-02 -3.372257421695253887e-01 -1.083158100513033961e+00
-6.953379107760702116e-01 -5.821459640242814260e-01 -7.426224314088534229e-01 -1.320556769195660118e+00 -1.047653553583469233e+00
-5.432640541211587459e-01 -1.045620366595962691e+00 -9.008871605741188837e-01 -1.060184313449886506e+00 -1.241165090822091477e+00
-1.214466692791602798e+00 -5.203493770147240571e-01 -8.886983005662043578e-01 -1.543946195717520897e+00 -1.021789314098355606e+00
6.920835366562149149e-01 1.384210300099655067e+00 6.337664947973716822e-01 7.761423876116578802e-01 1.053933469306937987e+00
7.927927889760709723e-01 8.823218029004115115e-01 5.758694097597776285e-01 1.561137007912776209e+00 1.278026530618578231e-02
8.375203938745742205e-01 1.016214408087785959e+00 1.123987208240684987e+00 1.077076875409465062e+00 7.992882751035019773e-01
-1.137419786289019630e+00 -1.228470065208138590e-01 -1.002778412202779634e+00 -9.656389887403673544e-01 -1.374718618345223131e+00
-8.508745497457045337e-01 -2.052424558668904664e-01 -8.323248230295995365e-01 -5.683696748189808190e-01 -1.065288262323319524e+00
4.191008641788975808e-01 2.465407005137931762e-01 1.892540063837382380e-01 9.685137896231401644e-01 1.073214084195840856e+00
-8.127839442837532236e-01 -5.732383478787597131e-01 -9.755439281225954939e-01 -4.908246135430344159e-01 -7.528012234531747948e-01
9.471751671741309719e-01 7.715333270904841667e-01 4.935946047063544118e-01 1.154621936685411132e+00 5.961364304204284092e-01
1.054521418930538967e+00 5.658230667298400629e-01 7.615590739428507172e-01 1.080357628001908932e+00 4.929146019298388803e-01
-1.289493642943931206e+00 -1.286126002525051160e+00 -1.282931741447190355e+00 -9.778672484031126766e-01 -1.052591272030627190e+00
1.269502487636248844e+00 9.775219504556755812e-01 8.346922339903380950e-01 9.810402995215623534e-01 1.008788614932921712e+00
-1.266119862319551981e+00 -7.650304580120258491e-01 -1.445957744053047556e+00 -1.094184840317032226e+00 -3.481434402360804037e-01
1.107040284037168698e+00 1.017327860105976089e+00 7.112800264102032699e-01 5.080154257382896166e-01 1.368066414326135183e+00
-7.917186852025227539e-01 -9.607196502089578871e-01 -8.247067855246529300e-01 -8.087593647744144576e-01 -6.705059160005408803e-01
-6.393562633547176244e-01 -4.972452476372768437e-01 -7.637624854850801892e-01 -1.143992629675043782e+00 -1.302298747786905242e+00
9.693946870269357641e-01 7.356244995038494494e-01 8.164089439784661950e-01 1.036813093593108359e+00 1.530775993632485621e+00
1.180912973417922895e+00 1.534804685559883142e+00 7.143272414121819569e-01 7.838968937392526426e-01 7.266332750953193864e-01
1.459666949753111398e+00 8.052152506407384003e-01 1.799897585867070937e+00 1.443029914584796236e+00 1.334207773545622588e+00
1.285085008052501587e+00 1.613303052842294028e+00 8.560227390041884599e-01 7.543701204072575939e-01 1.237569569651243873e+00
1.673205192494353399e+00 1.030410921319711237e+00 1.116369170735738159e+00 1.193394467323384500e+00 6.107144563120378011e-01
1.220157839651448306e+00 9.004153981960025810e-01 1.108751133230791552e+00 1.210394730756957360e+00 7.830643430628397850e-01
-4.659285824256819697e-01 -6.066419084244665250e-01 -6.984378138801632385e-01 -1.077184576883459366e+00 -9.493694435400377163e-01
-9.919829290706603242e-01 -1.046733818614152822e+00 -1.267695666437296920e+00 -4.413150744206994491e-01 -2.886556894203192170e-01
1.133876846976270780e+00 5.129340958658045180e-01 1.259397824891110629e+00 1.066339866925103186e+00 8.653596505154736995e-01
8.822479987730776907e-01 1.747195658029668364e+00 1.184741057342634019e+00 9.902860568275405617e-01 5.799124983797663280e-01
1.085975024955938117e+00 1.198820539070982738e+00 1.047806833191218923e+00 4.039260934871155562e-01 1.492214763854680326e+00
-1.337684030157157311e+00 -5.590418346468343236e-01 -1.202370994832380191e+00 -8.212858746728364245e-01 -3.225143302008315338e-01
-1.073646878659540560e+00 -9.760296154590736295e-01 -7.212919263950030579e-01 -7.034770315805334295e-01 -1.515090899914430134e+00
-1.117220222786469819e+00 -1.561705377027131858e+00 -1.438339706548100727e+00 -1.235257201792119286e+00 -1.294304346491506497e+00
-9.270557606696070430e-01 -8.279404970397736818e-01 -9.603078531127021700e-01 -1.194993419975762361e+00 -1.175093715410119755e+00
-9.426382810858597860e-01 -1.134418165046632954e+00 -1.225225107347220010e+00 -9.438667215359669571e-01 -7.850139580846344778e-01
1.026530595219862674e+00 7.807193062405534123e-01 9.670556356387849384e-01 1.041286847128259030e+00 1.329505184548329666e+00
-4.771826249485311977e-01 -9.078306793449222312e-01 -7.866165979999200086e-01 -3.730157704507313654e-01 -4.497193625776171877e-01
-1.373466114075960087e+00 -3.942509359546810810e-01 -4.228553071387203266e-01 -7.467233157536572463e-01 -1.018732631250115039e+00
9.953655543873571876e-01 1.259225311057802443e+00 7.783187564537332737e-01 1.022795332516302613e+00 1.464704618220513899e+00
-1.226874996086026348e+00 -1.090436810328119233e+00 -4.914176446832396739e-01 -1.015148527862702155e+00 -1.297361029339747285e+00
-8.621285922685537617e-01 -9.181301105131819407e-01 -1.383489836512485249e+00 -1.353364295120099037e+00 -1.365078310900771807e+00
1.075875243204663212e+00 1.084413344201937246e+00 1.326436554934640411e+00 8.614419550151989347e-01 4.463589708566345071e-01
-1.146365307268720324e+00 -2.567396117081883200e-01 -1.575273930699515601e+00 -6.554587436365820752e-01 -7.257172499468890481e-02
-7.256372560298950392e-01 -1.152233397337676601e+00 -1.027156132218608464e+00 -2.707159396136175622e-01 -7.043645567810531416e-01
1.202266797692046918e+00 1.044329071547088983e+00 1.571546911656297008e+00 1.061567863154275981e+00 1.324567466101171265e+00
-9.025277192736534948e-01 -1.129129267960229610e+00 -9.024107680751081162e-01 -6.647045009425601725e-01 -1.087860689510327550e+00
-8.566458536035760352e-01 -1.261630058124866283e+00 -7.668097004870587652e-01 -1.097465592909476095e+00 -1.021789314098355606e+00
1.077029503976237423e+00 1.682893803979182978e+00 1.059995693199133671e+00 9.127409955515941586e-01 1.066630459599630099e+00
9.515036450675344870e-01 1.044329071547088983e+00 1.547169191640467956e+00 3.666448140275259671e-01 3.535269249319397677e-02
1.380022956514486143e+00 8.372269961637073266e-01 7.173744564141605329e-01 9.607592834955454020e-01 1.348785799437232313e+00
2.309563584122898694e-01 1.018719675128713975e+00 7.371813539270216653e-01 6.335787749581873740e-01 6.220006699055419253e-01
-1.046810315720438700e+00 -9.451313219542949451e-01 -6.603476263554302061e-01 -1.087921585367821242e+00 -7.800762396374762986e-01
4.817195110368022726e-01 1.121713986811309738e+00 1.394808441541536270e+00 1.179376706246578754e+00 9.055667864423322388e-01
6.932377974277891264e-01 7.061180210218084286e-01 1.292917189912875298e+00 4.552251340235107802e-01 -2.742687062067251241e-02
-9.036819800452278173e-01 -1.501022242035764620e+00 -4.655163171664211674e-01 -1.013657276684318820e+00 -4.450167735803237656e-01
1.066929722224962518e+00 9.917184636876008597e-01 1.936343779490825312e-01 5.497331774535703375e-02 6.396353786453921053e-01
7.255570990318691571e-01 8.052152506407384003e-01 1.312724087425736652e+00 4.504531302526832981e-01 6.123603624610904905e-01
8.441573933111263806e-01 6.120313254847344897e-01 1.717622780813647720e+00 1.160885191634622560e+00 1.376060815621533706e+00
4.727739900571015785e-01 5.967213602346188583e-01 5.301611847300981006e-01 8.444416915816260749e-01 7.896479676590505425e-01
1.148593671813842754e+00 1.229718832575761533e+00 5.971999147736281044e-01 1.185639961195789960e+00 1.195716527575332977e+00
1.747077881875107153e+00 1.135910500043235238e+00 6.808078763904169550e-01 1.667910592285040794e+00 9.749299741524093399e-01
1.079049460326492627e+00 1.582404759337515232e+00 5.514916897439484655e-01 7.421418607445122717e-01 1.224637449908687170e+00
-1.236974777837301476e+00 -7.728246221393575421e-01 -1.016490879711683393e+00 -8.552864015399821440e-01 -1.131359637735291246e+00
-1.457438585207988746e+00 -1.190925854969786979e+00 -1.462717426563929779e+00 -1.036920795067102663e+00 -1.165218278515803618e+00
-7.469910803040191727e-01 -8.680247696946216118e-01 -1.080482394753234709e+00 -1.069430070755864604e+00 -1.792308521304874613e+00
-9.472553241721570760e-01 -6.659332283930958774e-01 -1.304262246461040720e+00 -4.785963538802890382e-01 -1.358729815754425863e+00
1.424750561412989613e+00 1.012317326024120057e+00 2.318078877590256520e-02 9.732857933939675910e-01 1.496256051274228727e-01
9.393839069660044894e-01 3.097291025460884306e-01 1.457276349082098132e+00 5.730339771158139417e-01 8.427872233284656733e-01
9.214928650066032123e-01 8.244222979545197116e-01 1.311200479924747420e+00 8.706877123211770320e-01 3.269132103253829524e-01
-8.217294652634540286e-01 -5.629389167105001146e-01 -1.158186377303690007e+00 -7.762500890856522950e-01 -8.687200422364566021e-01
