5.108645955190528332e-01 8.255357499727100645e-01 6.792842688894275005e-01 6.243330176522091657e-01 1.024777417523718981e+00
-1.147447426742071452e-01 2.504377825774589672e-01 1.216736814863409455e+00 7.994059059944418344e-01 1.000559084187658154e+00
-1.122991526644341098e+00 -1.011938443045708347e+00 -1.031726954721576606e+00 -1.019920531633529803e+00 -6.457732369929018723e-02
-1.155310828248421018e+00 -6.375402019292452094e-01 -1.295120601455104659e+00 -5.934226946158249749e-01 -8.590797347920049454e-01
9.145673003771574994e-01 1.434315640918215395e+00 5.712985872568097090e-01 1.481802445222769604e+00 1.374650038922345940e+00
-5.701006170602608281e-01 -7.881345873894730625e-01 -6.207338313297080523e-01 -1.097465592909476095e+00 -1.795365204153115180e+00
-2.725899031869900013e-01 -7.135333021707280787e-01 -4.594218871624639045e-01 -1.056903560857442859e+00 -9.025786830169687525e-01
-8.990649369589307494e-01 -8.989230631994005183e-01 -1.019538094713661858e+00 -8.338123845712586135e-01 -1.882363100603042572e+00
4.840280325799508065e-01 7.537180947994405189e-01 2.286773504718368488e-01 7.358786057953011772e-01 1.321275653803065886e+00
-6.373363070044626433e-01 -8.652411396491460627e-01 -5.415062412782634116e-01 -4.955966173138618980e-01 -1.170155996962961353e+00
-8.924279375223785893e-01 -1.179234608778789495e+00 -6.694892713613660451e-01 -2.784704457412121026e-01 -3.772994920192992985e-01
3.888015189250726977e-01 6.855191586852892316e-01 2.210593129668902146e-01 2.318357075016500290e-01 1.055344246006125974e+00
1.307304527905306379e+00 8.564340434774887489e-01 1.008193038165496658e+00 3.884170812319263089e-01 1.398633242808542176e+00
7.679761823872238713e-01 9.204923298989950431e-02 7.371813539270216653e-01 1.477328691687618933e+00 6.220006699055419253e-01
-1.270448340212955385e+00 -7.700409920938818820e-01 -7.698569154890374522e-01 -5.546501639778518289e-01 -1.025081126396460984e+00
6.672669300673679249e-01 7.999263535543348347e-01 6.246248497914358433e-01 5.435072037838188930e-01 2.963463818429760144e-01
1.384639999600783211e+00 8.219170309135918062e-01 7.966020464656050626e-01 5.700514747590467168e-01 8.136311715452467785e-01
-8.488545933954495526e-01 -7.792269712439513496e-01 -6.588240188544409737e-01 -6.894592705037277947e-01 -5.980860454422231021e-01
8.978305191893304338e-01 3.236472527734662874e-01 8.164089439784661950e-01 1.905317779883707097e+00 3.447830485150977231e-01
-1.384720156598809204e+00 -7.160385692116560952e-01 -1.412438379031282443e+00 -9.856217545307074390e-01 -2.091863440432462085e+00
