9.092559137900445565e-01 1.755578453216128487e+00 -4.924169411551638786e-01 -4.462968598136315967e-01 5.754027913901900160e-01
7.334853199947776181e-01 8.606281395092217901e-01 -1.129558056570352464e+00 -8.759091902216906700e-01 -1.405603937411419091e+00
9.493439439538770008e-01 9.042310780576701124e-01 -6.239239925708814916e-01 -5.095174034188308942e-01 3.968462505244154670e-01
1.433484000547857518e+00 6.480638140855351503e-01 -9.867990649265520053e-01 -9.137457276823782726e-01 -1.401382742591897212e+00
8.270240570437208394e-01 1.074282538396619691e+00 -9.959412663618691930e-01 -8.931511566594724227e-01 -1.406026056893371123e+00
1.435539796966515569e+00 1.078642832251464512e+00 -1.032510072103138166e+00 -8.720776421244059717e-01 -1.388719158133331355e+00
1.436567695175844817e+00 1.148407533928982316e+00 -3.925559716309290348e-01 -4.520441819595588107e-01 6.193032175132175965e-01
1.028492106072213863e+00 1.359881785888957584e+00 -1.114086638756738523e+00 -9.060826314878086540e-01 -1.380276768494287820e+00
-9.944115698873482456e-01 -3.766052418030059190e-01 1.378218121763601589e+00 1.821021726754653791e+00 1.021583083813650594e+00
-7.672460656256291367e-01 -7.853827906947111748e-01 1.108171556289614390e+00 2.977299127400579934e-02 -1.049335094643773836e+00
-5.873638789930462067e-01 -4.518203107990798606e-01 1.183418906564918549e+00 1.670633463936225027e+00 8.417601845020195039e-01
-9.121797131410247506e-01 -1.356581285679387294e+00 -9.340555951074137608e-01 -6.359584906292296003e-01 6.530727760693924022e-01
-1.376789703757753447e+00 -1.254114380090533221e+00 -9.129582071797585074e-01 -6.407479257508356119e-01 6.674248384557668334e-01
1.663733199437564148e+00 1.185470031695163629e+00 -4.101371282373084126e-01 -3.936130734759654692e-01 6.197253369951697399e-01
4.343669410800253261e-01 3.918965501133996887e-01 -1.032510072103138166e+00 -9.075194620242903465e-01 -1.416579043942175709e+00
-1.078699223052330014e+00 7.032487831859170202e-02 1.274137674653835983e+00 1.864126642849108118e+00 9.882356447394280430e-01
1.426288713082554338e+00 1.480879940360902536e+00 -4.340475012219843221e-01 -4.261812323028863481e-01 6.526506565874402588e-01
-4.064537941511341401e-01 -5.466567021419553862e-01 1.034330698542821114e+00 1.740559216711673240e+00 9.481342939539705306e-01
-1.010857941236612989e+00 -1.387103342663301264e+00 -9.579659680920897813e-01 -6.536794005791719542e-01 6.872644541075195734e-01
-1.005718450189967639e+00 -1.210511441542084565e+00 -9.755471246984691591e-01 -6.670898189196686756e-01 6.471631033220618390e-01
-1.060197055284407330e+00 -5.106842778394853344e-01 1.160915026108752413e+00 1.878016004701765107e+00 1.012296455210702550e+00
-5.246620882239743100e-01 -6.643846362227664448e-01 1.145443608295138471e+00 2.952154593012198177e-03 -1.011766460750029184e+00
9.760692973964323338e-01 1.152767827783827137e+00 -5.268760081036674148e-01 -5.066437423458673983e-01 4.390581987196340852e-01
-7.292138318804545216e-01 -8.671383004730521815e-01 9.647093183815587114e-01 -6.147772138039283261e-03 -1.064531395994052554e+00
-6.377308912501694627e-01 -5.194048655491749766e-01 1.159508533580242196e+00 1.755885409100812034e+00 9.751499407989104862e-01
1.176509448215596221e+00 5.815693327991511286e-01 -5.585220899951502949e-01 -4.994595896634583254e-01 3.841826660658499981e-01
-1.400431362572321481e+00 -1.242123571989709685e+00 -9.755471246984691591e-01 -6.541583440913324443e-01 6.708017943113843140e-01
1.128198232377131127e+00 1.595337654050580145e+00 -4.846812322483569635e-01 -4.247444017664045446e-01 6.944404853007065670e-01
1.568138665969962764e+00 9.184020330859161696e-01 -1.005786714061441600e+00 -8.720776421244059717e-01 -1.402226981555801277e+00
-1.030388007213864920e+00 -6.861861054969906615e-01 7.544386853692615080e-01 -6.314205008515069717e-02 -1.077194980452618189e+00
-1.056085462447091006e+00 -3.013901728069322550e-01 9.035268933913583878e-01 -4.733691418385094912e-02 -1.051867811535487141e+00
-6.665120411113827359e-01 -9.074710186303671655e-01 8.282795431160548949e-01 -7.415775086484455159e-02 -1.037937868631064964e+00
-3.416962069634043031e-01 -8.595077862270738001e-01 -1.041652273538455686e+00 -6.326058860441053922e-01 7.172349373261248662e-01
-7.261301372524674447e-01 -7.962835253318234496e-01 1.091293645947490232e+00 2.929404776184529186e-02 -1.036671510185208422e+00
1.583557139109898371e+00 1.123335844263624317e+00 -7.350369023231992927e-01 -5.401697881971093684e-01 3.402822399428226952e-01
-9.378771683742508358e-01 -8.344360965617159120e-01 1.213658495927890879e+00 1.830121653485704991e+00 9.481342939539705306e-01
3.356887129844368101e-01 1.391493916336582926e+00 -4.565513816781499590e-01 -4.601862216662890304e-01 5.686488796789551659e-01
-1.564895076064968471e+00 -1.269375408582489984e+00 -9.305393637861378853e-01 -6.512846830183688374e-01 6.480073422859662369e-01
-8.237804671387266575e-01 -9.608846183522167239e-01 1.052615101413455490e+00 1.348891186054536687e-02 -1.037093629667160455e+00
-3.416962069634043031e-01 -2.250850303471473579e-01 1.328990883265739775e+00 1.832037427534347840e+00 9.637527147862012811e-01
1.235099646147351793e+00 4.845527945288530258e-01 -1.055717198823558967e+00 -9.012931963662026424e-01 -1.393784591916757742e+00
1.040826884584162171e+00 7.886832909042815754e-01 -9.671081695274069689e-01 -8.792617948068148781e-01 -1.402226981555801277e+00
-8.947054435824307594e-01 -6.033405222549383939e-01 1.039956668656862426e+00 9.178420251099965108e-03 -9.902383671704678703e-01
-2.604922484264096672e-01 -6.240519180654516829e-01 1.232646145062780363e+00 4.270446610234217982e-02 -1.027807001064212411e+00
-1.465188949760051207e+00 -7.417798521462627415e-01 -1.045168504859731451e+00 -6.795423502358443058e-01 5.775133887999511773e-01
9.914877705363679405e-01 1.150587680856404615e+00 -9.579659680920897813e-01 -9.022510833905237337e-01 -1.392096113988949169e+00
-9.748815039100964253e-01 -1.248664012771977250e+00 -9.734373859057036116e-01 -6.694845364804716814e-01 5.082857937597926590e-01
1.621794952496973191e-03 -6.545739750493655418e-01 1.362746703949987870e+00 1.838263693192435433e+00 9.966780343784719109e-01
-1.386040787641714678e+00 -9.881364549449970225e-01 -1.049387982445262546e+00 -6.910369945276987336e-01 6.501179396957270651e-01
-6.767910232046732144e-01 -8.660482270093410317e-01 1.235459130119801019e+00 1.779353641196681934e+00 9.962559148965197675e-01
